miRNA,SRR16832573,SRR16832574,SRR16832575,SRR16832576,SRR16832577,SRR16832578
hsa-let-7a-2-3p,0.0,0.0,0.2,0.09,0.0,0.0
hsa-let-7a-3p,0.0,0.59,0.88,0.27,0.76,0.84
hsa-let-7a-5p,49.01,74.05,89.47,97.73,98.76,84.82
hsa-let-7b-3p,0.13,0.0,0.1,0.37,0.76,0.6
hsa-let-7b-5p,35.57,51.61,75.18,61.55,57.67,36.95
hsa-let-7c-5p,2.11,2.93,5.09,3.85,4.01,2.76
hsa-let-7d-3p,0.4,1.27,1.27,0.55,1.3,0.48
hsa-let-7d-5p,6.32,5.66,8.91,7.33,10.52,6.24
hsa-let-7e-3p,0.26,0.0,0.29,0.09,0.0,0.12
hsa-let-7e-5p,1.98,3.41,3.82,5.22,5.53,3.12
hsa-let-7f-1-3p,0.13,0.0,0.0,0.0,0.0,0.0
hsa-let-7f-2-3p,0.0,0.0,0.2,0.0,0.0,0.0
hsa-let-7f-5p,20.42,28.1,36.51,33.34,32.41,35.27
hsa-let-7g-5p,19.5,25.95,27.02,19.78,20.05,21.83
hsa-let-7i-3p,0.0,0.0,0.1,0.0,0.11,0.24
hsa-let-7i-5p,22.53,35.12,38.57,28.39,24.93,20.15
hsa-miR-1-3p,0.4,0.29,0.39,0.18,0.43,0.36
hsa-miR-100-3p,0.0,0.0,0.0,0.09,0.0,0.0
hsa-miR-100-5p,73.65,93.66,161.81,121.27,114.58,77.14
hsa-miR-101-3p,5.01,6.83,4.21,4.03,2.82,4.32
hsa-miR-10394-3p,0.13,0.0,0.1,0.0,0.22,0.12
hsa-miR-10395-3p,0.0,0.0,0.0,0.0,0.0,0.12
hsa-miR-10396a-3p,40.45,74.83,58.83,79.87,51.06,36.95
hsa-miR-10396a-5p,3.82,2.93,1.17,1.83,1.95,1.2
hsa-miR-10396b-3p,62.84,42.24,88.29,66.22,97.89,68.98
hsa-miR-10396b-5p,1.58,2.34,8.42,3.11,2.49,5.04
hsa-miR-103a-2-5p,0.0,0.0,0.0,0.0,0.11,0.0
hsa-miR-103a-3p,19.5,5.17,20.85,17.68,20.27,14.76
hsa-miR-10401-3p,4.74,5.66,4.89,6.59,5.85,6.48
hsa-miR-10401-5p,0.79,0.68,0.78,0.37,0.33,0.24
hsa-miR-10526-3p,0.0,0.1,0.2,0.09,0.0,0.0
hsa-miR-10527-5p,0.0,0.0,0.1,0.18,0.0,0.12
hsa-miR-106a-5p,0.0,0.0,0.2,0.0,0.0,0.0
hsa-miR-106b-3p,1.84,1.56,1.76,1.1,1.52,1.08
hsa-miR-106b-5p,2.37,3.41,1.47,1.19,1.84,1.2
hsa-miR-107,0.53,1.27,1.57,0.64,0.33,0.36
hsa-miR-10a-5p,1.58,1.76,1.76,1.37,1.95,1.32
hsa-miR-10b-5p,2.37,5.76,4.21,4.67,3.69,3.6
hsa-miR-1180-3p,0.0,0.1,0.29,0.18,0.11,0.0
hsa-miR-1181,0.0,0.0,0.0,0.37,0.0,0.0
hsa-miR-1185-1-3p,0.13,0.59,0.29,0.55,0.33,0.6
hsa-miR-1185-2-3p,0.0,0.2,0.0,0.55,0.11,0.0
hsa-miR-1197,0.0,0.0,0.2,0.0,0.0,0.0
hsa-miR-12136,20.82,20.2,29.76,5.86,6.5,4.8
hsa-miR-122-5p,1.32,1.56,1.37,4.4,1.19,5.28
hsa-miR-1225-3p,0.0,0.1,0.0,0.0,0.0,0.0
hsa-miR-1226-3p,0.0,0.0,0.1,0.0,0.0,0.0
hsa-miR-1228-3p,0.13,0.2,0.1,0.18,0.0,0.0
hsa-miR-122b-5p,0.0,0.1,0.0,0.0,0.0,0.0
hsa-miR-1246,0.79,1.17,1.17,0.92,0.22,1.2
hsa-miR-1248,0.0,0.0,0.0,0.09,0.11,0.0
hsa-miR-1249-3p,0.0,0.1,0.0,0.0,0.0,0.12
hsa-miR-125a-3p,0.0,0.1,0.1,0.0,0.0,0.24
hsa-miR-125a-5p,4.87,7.41,8.03,13.83,9.43,3.84
hsa-miR-125b-1-3p,1.71,2.73,3.52,2.11,1.95,1.92
hsa-miR-125b-5p,59.68,55.9,86.43,81.06,77.94,41.51
hsa-miR-126-3p,9.22,11.22,10.57,8.7,9.0,10.32
hsa-miR-126-5p,5.27,5.46,6.07,4.4,3.79,5.64
hsa-miR-1260b,0.26,0.59,0.2,1.01,0.54,0.72
hsa-miR-1268a,0.13,0.1,0.1,0.09,0.0,0.24
hsa-miR-1268b,0.26,0.39,0.2,0.0,0.11,0.24
hsa-miR-127-3p,27.27,35.61,49.63,22.53,22.55,27.59
hsa-miR-127-5p,0.13,0.29,0.59,0.18,0.22,0.12
hsa-miR-1271-5p,0.4,0.2,0.78,0.37,0.33,0.36
hsa-miR-1273c,0.0,0.1,0.1,0.0,0.0,0.0
hsa-miR-1273h-3p,0.0,0.0,0.1,0.0,0.0,0.0
hsa-miR-1273h-5p,0.66,1.17,2.25,1.65,0.98,0.96
hsa-miR-1275,0.0,0.1,0.1,0.0,0.0,0.12
hsa-miR-128-3p,1.58,1.95,1.57,2.66,0.87,0.96
hsa-miR-1285-3p,0.0,0.0,0.0,0.0,0.0,0.12
hsa-miR-1285-5p,5.8,3.9,6.36,3.76,4.23,4.56
hsa-miR-1287-5p,0.0,0.1,0.1,0.09,0.0,0.12
hsa-miR-129-5p,0.0,0.1,0.1,0.09,0.0,0.0
hsa-miR-1291,0.53,0.2,0.39,0.37,0.76,0.24
hsa-miR-1292-5p,0.0,0.1,0.0,0.0,0.0,0.0
hsa-miR-1294,0.0,0.1,0.0,0.0,0.0,0.0
hsa-miR-1296-3p,0.0,0.0,0.0,0.0,0.22,0.0
hsa-miR-1296-5p,0.4,0.1,0.49,0.82,0.33,0.24
hsa-miR-1301-3p,0.13,0.2,0.0,0.0,0.0,0.0
hsa-miR-1303,0.0,0.29,0.49,0.0,0.22,0.48
hsa-miR-1304-3p,0.0,0.0,0.0,0.09,0.11,0.12
hsa-miR-1304-5p,0.0,0.0,0.0,0.27,0.0,0.0
hsa-miR-1306-5p,0.13,0.0,0.0,0.0,0.0,0.0
hsa-miR-1307-3p,1.32,1.85,3.33,1.65,1.95,1.92
hsa-miR-1307-5p,0.13,0.1,0.59,0.37,0.33,0.24
hsa-miR-130a-3p,0.66,0.59,0.78,0.46,0.22,0.24
hsa-miR-130b-3p,0.0,0.0,0.59,0.55,0.11,0.36
hsa-miR-130b-5p,0.0,0.2,0.49,0.37,0.33,0.12
hsa-miR-132-3p,0.92,0.49,1.37,0.64,1.19,0.12
hsa-miR-132-5p,0.0,0.29,0.0,0.0,0.0,0.0
hsa-miR-1323,0.13,0.1,0.0,0.0,0.0,0.0
hsa-miR-133a-3p,0.0,0.1,0.0,0.09,0.11,0.0
hsa-miR-134-5p,1.32,1.46,2.35,1.1,1.19,0.84
hsa-miR-1343-3p,0.0,0.0,0.1,0.0,0.0,0.0
hsa-miR-136-3p,1.05,2.15,1.66,1.92,1.52,1.2
hsa-miR-136-5p,0.53,0.2,0.39,0.18,0.11,0.36
hsa-miR-137-5p,0.0,0.0,0.0,0.18,0.0,0.0
hsa-miR-139-3p,0.26,0.0,0.0,0.0,0.0,0.0
hsa-miR-139-5p,0.53,0.68,0.69,0.18,0.98,0.24
hsa-miR-140-3p,4.61,4.78,7.44,4.58,3.69,5.16
hsa-miR-140-5p,0.4,0.39,0.49,0.09,0.76,0.0
hsa-miR-141-3p,0.13,0.0,0.0,0.0,0.0,0.0
hsa-miR-142-3p,0.79,1.46,0.98,0.46,0.33,0.84
hsa-miR-142-5p,3.29,5.46,5.48,3.85,2.93,7.08
hsa-miR-143-3p,24.5,31.41,50.31,30.5,29.7,19.79
hsa-miR-143-5p,0.4,0.39,0.49,0.46,0.54,0.36
hsa-miR-144-3p,2.11,4.68,5.09,2.93,3.14,3.6
hsa-miR-144-5p,0.53,1.17,1.08,0.82,1.41,0.96
hsa-miR-145-3p,0.26,0.29,0.29,0.82,0.54,0.24
hsa-miR-145-5p,1.45,1.66,0.69,0.82,0.98,0.48
hsa-miR-146a-3p,0.0,0.0,0.0,0.0,0.11,0.0
hsa-miR-146a-5p,3.29,2.63,2.06,2.02,2.06,4.08
hsa-miR-146b-3p,0.0,0.0,0.1,0.0,0.0,0.0
hsa-miR-146b-5p,0.92,1.46,1.76,0.82,0.76,1.92
hsa-miR-148a-3p,7.51,10.34,12.82,9.62,10.41,6.96
hsa-miR-148a-5p,0.0,0.0,0.0,0.0,0.0,0.12
hsa-miR-148b-3p,3.95,3.71,3.33,3.02,4.44,3.0
hsa-miR-148b-5p,0.0,0.1,0.0,0.0,0.0,0.12
hsa-miR-149-5p,0.4,0.49,0.49,0.73,0.33,0.6
hsa-miR-150-3p,0.0,0.1,0.1,0.0,0.0,0.0
hsa-miR-150-5p,1.19,1.07,0.98,0.73,0.54,1.92
hsa-miR-151a-3p,2.11,3.51,5.19,2.75,2.28,2.4
hsa-miR-151a-5p,6.32,10.15,10.96,8.52,6.83,9.84
hsa-miR-151b,0.26,0.98,0.1,0.64,0.98,0.12
hsa-miR-152-3p,5.53,6.93,7.34,6.14,5.53,2.52
hsa-miR-152-5p,0.0,0.0,0.0,0.09,0.0,0.0
hsa-miR-153-3p,0.0,0.0,0.1,0.0,0.0,0.0
hsa-miR-1538,0.0,0.1,0.0,0.09,0.0,0.0
hsa-miR-154-3p,0.13,0.2,0.49,0.27,0.11,0.0
hsa-miR-154-5p,0.0,0.0,0.0,0.27,0.0,0.0
hsa-miR-155-5p,0.92,1.46,1.76,1.37,2.28,0.72
hsa-miR-15a-3p,0.0,0.1,0.0,0.0,0.0,0.0
hsa-miR-15a-5p,0.53,1.17,0.49,1.01,0.87,1.2
hsa-miR-15b-3p,0.0,1.07,0.49,0.27,0.0,0.36
hsa-miR-15b-5p,1.45,1.56,2.25,1.92,2.82,2.76
hsa-miR-16-2-3p,0.79,1.46,1.86,0.55,0.76,0.96
hsa-miR-16-5p,7.38,9.27,7.34,5.77,7.81,9.6
hsa-miR-17-3p,0.26,0.29,0.0,0.0,0.0,0.12
hsa-miR-17-5p,2.24,2.73,1.57,1.28,1.3,2.04
hsa-miR-181a-2-3p,0.13,0.39,0.1,0.0,0.22,0.48
hsa-miR-181a-3p,0.26,0.88,0.49,0.37,0.0,0.12
hsa-miR-181a-5p,14.23,20.98,20.65,13.37,13.01,13.32
hsa-miR-181b-2-3p,0.0,0.1,0.0,0.0,0.0,0.0
hsa-miR-181b-3p,0.13,0.1,0.0,0.0,0.11,0.0
hsa-miR-181b-5p,3.03,5.66,6.85,4.21,6.5,3.0
hsa-miR-181c-3p,0.13,0.1,0.2,0.09,0.0,0.12
hsa-miR-181c-5p,0.53,0.29,0.1,0.27,0.33,0.12
hsa-miR-181d-5p,0.13,0.39,0.29,0.18,0.0,0.24
hsa-miR-182-3p,0.26,0.29,0.29,0.0,0.11,0.24
hsa-miR-182-5p,0.13,0.59,0.98,0.27,0.22,0.48
hsa-miR-1827,0.26,0.0,0.1,0.0,0.0,0.0
hsa-miR-183-5p,0.13,0.1,0.2,0.18,0.0,0.48
hsa-miR-1843,0.0,0.0,0.1,0.0,0.0,0.0
hsa-miR-185-3p,0.0,0.59,0.1,0.09,0.11,0.24
hsa-miR-185-5p,7.64,8.68,10.67,6.96,5.75,7.32
hsa-miR-186-5p,4.74,6.15,7.93,5.68,5.75,3.36
hsa-miR-18a-3p,0.0,0.0,0.0,0.0,0.0,0.12
hsa-miR-18a-5p,0.0,0.0,0.0,0.0,0.54,0.0
hsa-miR-18b-5p,0.0,0.0,0.0,0.09,0.0,0.0
hsa-miR-1908-5p,0.0,0.1,0.0,0.09,0.22,0.12
hsa-miR-1909-5p,0.0,0.0,0.1,0.0,0.0,0.0
hsa-miR-190a-5p,0.0,0.0,0.1,0.0,0.11,0.0
hsa-miR-190b-5p,0.0,0.0,0.0,0.0,0.11,0.0
hsa-miR-191-5p,16.6,17.76,19.38,20.33,16.8,16.32
hsa-miR-192-5p,0.79,0.98,1.66,0.64,0.87,0.96
hsa-miR-193a-3p,0.0,0.29,0.1,0.0,0.11,0.36
hsa-miR-193a-5p,3.16,3.32,5.38,3.76,4.34,1.44
hsa-miR-193b-3p,1.98,1.17,4.6,2.47,1.63,1.68
hsa-miR-193b-5p,0.4,0.29,0.2,0.18,0.65,0.12
hsa-miR-194-5p,0.4,0.68,0.88,0.09,0.33,0.48
hsa-miR-195-3p,0.0,0.0,0.29,0.0,0.0,0.12
hsa-miR-195-5p,0.13,0.29,0.39,0.27,0.0,0.12
hsa-miR-196b-5p,0.0,0.0,0.0,0.0,0.0,0.12
hsa-miR-197-3p,0.4,0.68,0.59,0.55,0.33,0.48
hsa-miR-1972,0.0,0.0,0.0,0.0,0.11,0.0
hsa-miR-199a-3p,28.98,71.71,34.65,45.89,9.86,30.83
hsa-miR-199a-5p,32.01,37.76,56.28,52.12,50.95,29.63
hsa-miR-199b-3p,32.54,8.0,68.23,35.91,71.66,31.43
hsa-miR-199b-5p,6.19,8.49,9.69,9.07,10.62,4.92
hsa-miR-19a-3p,0.53,0.68,0.1,0.27,0.22,0.36
hsa-miR-19b-3p,1.58,1.66,1.76,1.1,1.52,1.56
hsa-miR-200a-3p,0.13,0.59,0.49,0.37,0.22,0.12
hsa-miR-200b-3p,0.13,0.1,0.39,0.18,0.22,0.12
hsa-miR-200c-3p,0.0,0.2,0.2,0.0,0.11,0.12
hsa-miR-203a-3p,1.58,1.95,1.57,0.46,0.76,14.16
hsa-miR-204-3p,0.0,0.0,0.2,0.0,0.11,0.0
hsa-miR-204-5p,0.0,0.39,0.0,0.0,0.11,0.0
hsa-miR-205-5p,0.0,0.59,0.1,0.18,0.22,0.24
hsa-miR-206,0.0,0.1,0.0,0.0,0.0,0.0
hsa-miR-20a-3p,0.0,0.1,0.0,0.0,0.0,0.0
hsa-miR-20a-5p,1.05,2.44,2.35,1.1,0.98,2.4
hsa-miR-20b-5p,0.0,0.1,0.1,0.0,0.11,0.12
hsa-miR-21-3p,0.53,1.76,0.49,0.82,1.19,0.96
hsa-miR-21-5p,180.36,241.66,205.46,168.44,173.88,145.16
hsa-miR-210-3p,0.92,1.46,0.88,0.55,0.33,0.84
hsa-miR-2110,0.13,0.1,0.2,0.0,0.0,0.0
hsa-miR-212-3p,0.0,0.1,0.0,0.18,0.0,0.0
hsa-miR-214-3p,0.0,1.95,2.55,0.55,1.41,0.72
hsa-miR-214-5p,0.0,0.1,0.49,0.09,0.43,0.12
hsa-miR-215-5p,0.13,0.0,0.0,0.0,0.11,0.0
hsa-miR-218-1-3p,0.13,0.0,0.29,0.0,0.0,0.0
hsa-miR-218-5p,0.26,0.29,0.59,0.37,0.76,0.24
hsa-miR-22-3p,29.91,39.51,56.48,49.46,46.72,20.27
hsa-miR-22-5p,0.92,1.27,0.98,0.82,0.54,0.72
hsa-miR-221-3p,181.68,234.73,281.81,191.53,178.43,101.97
hsa-miR-221-5p,1.84,2.24,4.31,2.38,3.69,1.8
hsa-miR-222-3p,48.61,73.76,70.67,84.08,78.48,35.15
hsa-miR-222-5p,1.05,1.37,2.64,1.56,2.06,1.2
hsa-miR-223-3p,5.4,6.05,6.46,2.84,4.12,6.96
hsa-miR-223-5p,0.13,0.0,0.2,0.18,0.22,0.0
hsa-miR-224-5p,1.19,1.37,1.57,1.83,0.87,0.6
hsa-miR-2277-5p,0.0,0.2,0.0,0.0,0.0,0.0
hsa-miR-2355-3p,0.13,0.0,0.0,0.0,0.0,0.0
hsa-miR-2355-5p,0.0,0.1,0.0,0.0,0.0,0.0
hsa-miR-23a-3p,22.66,35.22,33.28,37.83,36.97,20.99
hsa-miR-23a-5p,0.26,0.68,0.69,0.27,0.87,0.0
hsa-miR-23b-3p,5.01,8.2,5.68,6.5,6.83,6.24
hsa-miR-23b-5p,0.0,0.1,0.0,0.18,0.11,0.12
hsa-miR-24-1-5p,0.0,0.0,0.0,0.09,0.0,0.0
hsa-miR-24-2-5p,0.26,0.29,0.1,0.37,0.33,0.48
hsa-miR-24-3p,11.59,14.34,14.29,6.5,7.48,8.04
hsa-miR-25-3p,9.75,16.68,20.07,13.01,15.18,12.96
hsa-miR-25-5p,0.13,0.1,0.2,0.27,0.11,0.24
hsa-miR-2682-3p,0.0,0.0,0.2,0.0,0.0,0.0
hsa-miR-26a-1-3p,0.0,0.0,0.2,0.0,0.0,0.0
hsa-miR-26a-2-3p,0.0,0.0,0.0,0.09,0.11,0.0
hsa-miR-26a-5p,25.03,39.61,46.3,39.66,36.32,42.23
hsa-miR-26b-3p,0.0,0.0,0.0,0.0,0.11,0.0
hsa-miR-26b-5p,9.09,13.85,13.41,12.55,10.73,13.32
hsa-miR-27a-3p,11.86,15.22,24.57,15.57,21.57,12.96
hsa-miR-27a-5p,1.45,2.54,1.66,2.02,2.6,1.32
hsa-miR-27b-3p,28.33,38.93,48.26,42.13,38.59,34.91
hsa-miR-27b-5p,0.0,0.39,0.39,0.27,0.43,0.72
hsa-miR-28-3p,0.53,1.56,2.55,1.47,1.95,0.72
hsa-miR-28-5p,1.19,1.56,1.08,0.92,0.54,0.6
hsa-miR-296-3p,0.92,0.68,0.98,0.73,0.33,0.24
hsa-miR-299-3p,1.05,1.07,2.15,1.92,0.65,0.84
hsa-miR-299-5p,0.13,0.29,0.39,0.18,0.11,0.0
hsa-miR-29a-3p,44.4,50.05,54.42,53.03,50.08,32.99
hsa-miR-29a-5p,0.0,0.0,0.0,0.09,0.0,0.0
hsa-miR-29b-1-5p,0.26,0.0,0.29,0.18,0.0,0.0
hsa-miR-29b-2-5p,0.66,0.1,0.1,0.0,0.0,0.0
hsa-miR-29b-3p,0.4,0.78,1.08,1.19,1.41,1.32
hsa-miR-29c-3p,0.53,0.0,0.2,0.27,0.33,0.0
hsa-miR-29c-5p,0.0,0.1,0.0,0.18,0.0,0.0
hsa-miR-301a-3p,0.0,0.1,0.0,0.0,0.0,0.12
hsa-miR-3065-5p,0.13,0.0,0.0,0.0,0.0,0.0
hsa-miR-30a-3p,0.53,0.2,0.59,0.55,0.65,0.24
hsa-miR-30a-5p,9.88,13.27,12.82,10.81,10.62,10.32
hsa-miR-30b-3p,0.0,0.0,0.0,0.09,0.0,0.0
hsa-miR-30b-5p,2.11,2.34,2.25,1.83,1.95,2.88
hsa-miR-30c-2-3p,0.13,0.0,0.0,0.18,0.11,0.0
hsa-miR-30c-5p,3.95,5.17,6.07,4.67,5.53,4.32
hsa-miR-30d-3p,0.0,0.0,0.1,0.09,0.0,0.0
hsa-miR-30d-5p,7.64,9.07,10.38,9.34,8.24,7.92
hsa-miR-30e-3p,0.4,0.59,0.88,0.82,0.22,0.72
hsa-miR-30e-5p,10.01,11.02,9.98,10.17,11.92,11.16
hsa-miR-31-3p,0.26,0.0,0.0,0.0,0.0,0.0
hsa-miR-31-5p,0.79,0.78,1.17,0.73,0.11,0.96
hsa-miR-3117-3p,0.0,0.0,0.0,0.0,0.0,0.12
hsa-miR-3138,0.0,0.0,0.1,0.0,0.22,0.12
hsa-miR-3141,0.0,0.0,0.1,0.0,0.0,0.0
hsa-miR-3143,0.0,0.0,0.0,0.0,0.11,0.0
hsa-miR-3151-5p,0.0,0.0,0.0,0.0,0.22,0.0
hsa-miR-3158-3p,0.0,0.0,0.1,0.0,0.0,0.0
hsa-miR-3165,0.0,0.0,0.29,0.0,0.0,0.0
hsa-miR-3167,0.26,0.68,0.49,0.37,0.0,0.24
hsa-miR-3177-3p,0.13,0.0,0.0,0.0,0.0,0.0
hsa-miR-3178,9.49,0.59,13.12,0.27,0.54,0.72
hsa-miR-3180,0.0,0.0,0.1,0.27,0.0,0.0
hsa-miR-3180-3p,0.0,0.29,0.39,0.09,0.11,0.0
hsa-miR-3182,17.26,23.8,16.74,6.69,8.89,13.8
hsa-miR-3187-3p,0.0,0.0,0.2,0.0,0.22,0.0
hsa-miR-3195,1.05,0.88,0.98,0.82,1.08,0.84
hsa-miR-3196,0.0,0.1,0.29,0.09,0.0,0.12
hsa-miR-32-5p,0.13,0.1,0.2,0.0,0.0,0.36
hsa-miR-3200-3p,0.0,0.1,0.0,0.0,0.0,0.0
hsa-miR-320a-3p,19.63,26.15,31.72,24.09,23.42,13.56
hsa-miR-320a-5p,7.11,5.76,4.4,1.37,2.38,3.48
hsa-miR-320b,0.53,1.66,2.06,0.27,0.11,1.08
hsa-miR-320c,0.66,0.0,0.59,0.0,0.33,0.24
hsa-miR-320d,0.0,0.1,0.2,0.27,0.22,0.0
hsa-miR-320e,0.0,0.0,0.0,0.18,0.0,0.0
hsa-miR-323a-3p,0.13,0.98,0.69,1.1,0.76,0.72
hsa-miR-323b-3p,0.0,0.2,0.1,0.0,0.22,0.12
hsa-miR-324-3p,0.0,0.0,0.2,0.0,0.0,0.0
hsa-miR-324-5p,0.0,0.2,0.1,0.18,0.0,0.24
hsa-miR-328-3p,0.13,0.29,0.0,0.55,0.22,0.36
hsa-miR-329-3p,0.66,0.59,0.49,0.92,0.98,0.24
hsa-miR-329-5p,0.13,0.0,0.2,0.09,0.22,0.0
hsa-miR-330-3p,0.0,0.2,0.2,0.37,0.22,0.24
hsa-miR-330-5p,0.0,0.0,0.0,0.09,0.0,0.0
hsa-miR-331-3p,0.13,0.2,0.0,0.09,0.0,0.12
hsa-miR-331-5p,0.0,0.0,0.29,0.18,0.11,0.12
hsa-miR-335-3p,0.0,0.0,0.2,0.09,0.0,0.0
hsa-miR-335-5p,0.66,1.07,1.47,0.73,0.76,0.72
hsa-miR-337-3p,0.13,0.29,0.2,0.27,0.0,0.24
hsa-miR-337-5p,0.0,0.0,0.1,0.0,0.0,0.24
hsa-miR-338-3p,0.0,0.0,0.1,0.0,0.0,0.0
hsa-miR-339-3p,0.13,0.1,0.2,0.09,0.0,0.24
hsa-miR-339-5p,0.92,1.27,1.47,1.47,1.08,1.32
hsa-miR-33a-3p,0.0,0.0,0.1,0.09,0.0,0.12
hsa-miR-33a-5p,0.26,0.0,0.0,0.0,0.11,0.0
hsa-miR-33b-3p,0.0,0.0,0.0,0.0,0.0,0.12
hsa-miR-33b-5p,0.0,0.1,0.0,0.0,0.0,0.0
hsa-miR-340-3p,0.0,0.1,0.0,0.0,0.0,0.0
hsa-miR-340-5p,0.79,0.59,0.98,0.73,0.54,1.68
hsa-miR-342-3p,0.26,0.2,0.29,0.64,0.54,0.48
hsa-miR-342-5p,0.26,0.0,0.2,0.0,0.0,0.12
hsa-miR-345-5p,0.0,0.39,0.39,0.18,0.22,0.24
hsa-miR-34a-3p,0.0,0.0,0.0,0.09,0.0,0.0
hsa-miR-34a-5p,0.92,0.39,0.69,0.64,0.65,0.12
hsa-miR-34b-3p,0.0,0.2,0.0,0.0,0.11,0.0
hsa-miR-34c-3p,0.0,0.0,0.0,0.0,0.33,0.12
hsa-miR-34c-5p,0.53,1.46,2.74,1.65,1.41,0.36
hsa-miR-361-3p,0.26,0.78,0.49,0.37,0.54,0.48
hsa-miR-361-5p,0.53,1.76,1.96,2.2,1.41,0.96
hsa-miR-3613-3p,0.0,0.1,0.0,0.0,0.0,0.0
hsa-miR-3613-5p,0.26,0.2,0.29,0.09,0.33,0.0
hsa-miR-3615,0.13,0.1,0.59,0.09,0.65,0.12
hsa-miR-362-5p,0.13,0.1,0.2,0.0,0.0,0.24
hsa-miR-363-3p,0.53,1.27,0.59,0.46,0.65,1.08
hsa-miR-3648,49.8,55.02,85.06,55.87,54.64,41.51
hsa-miR-3651,0.0,0.1,0.0,0.0,0.0,0.0
hsa-miR-3654,0.0,0.0,0.0,0.37,0.0,0.0
hsa-miR-3655,0.0,0.0,0.0,0.18,0.0,0.12
hsa-miR-365a-3p,0.13,0.0,0.98,0.09,0.0,0.0
hsa-miR-365b-3p,0.66,0.68,0.0,0.55,0.22,0.36
hsa-miR-365b-5p,0.0,0.0,0.0,0.0,0.22,0.24
hsa-miR-3665,35.57,35.9,36.32,15.39,15.72,41.27
hsa-miR-3677-3p,0.0,0.0,0.2,0.0,0.0,0.0
hsa-miR-3679-5p,0.13,0.0,0.0,0.0,0.0,0.0
hsa-miR-369-3p,1.58,2.73,2.55,2.02,2.71,2.16
hsa-miR-3691-3p,0.0,0.0,0.0,0.0,0.11,0.0
hsa-miR-370-3p,0.92,1.76,3.52,1.65,2.38,1.92
hsa-miR-370-5p,0.13,0.0,0.0,0.0,0.22,0.0
hsa-miR-374a-3p,0.0,0.2,0.2,0.27,0.54,0.12
hsa-miR-374a-5p,1.05,1.56,0.88,1.01,0.98,1.56
hsa-miR-374b-5p,0.0,0.1,0.2,0.0,0.43,0.48
hsa-miR-376a-3p,0.4,0.78,0.29,0.09,0.11,0.12
hsa-miR-376b-3p,0.26,0.2,0.1,0.0,0.11,0.0
hsa-miR-376c-3p,1.19,0.49,0.2,0.55,0.33,0.12
hsa-miR-376c-5p,0.0,0.0,0.1,0.0,0.0,0.0
hsa-miR-377-3p,0.26,0.1,0.2,0.55,0.33,0.12
hsa-miR-377-5p,0.13,0.29,0.29,0.46,0.22,0.0
hsa-miR-378a-3p,1.32,1.17,1.37,0.46,0.98,1.44
hsa-miR-378a-5p,0.0,0.0,0.0,0.0,0.11,0.0
hsa-miR-378c,0.13,0.1,0.49,0.18,0.43,0.0
hsa-miR-378d,0.0,0.39,0.1,0.0,0.0,0.0
hsa-miR-379-3p,0.0,0.1,0.29,0.55,0.0,0.36
hsa-miR-379-5p,1.05,1.56,2.25,1.19,1.08,1.08
hsa-miR-380-3p,0.0,0.1,0.0,0.0,0.0,0.0
hsa-miR-380-5p,0.0,0.29,0.0,0.0,0.0,0.0
hsa-miR-381-3p,2.77,2.34,5.09,3.48,2.82,2.76
hsa-miR-382-3p,0.4,1.07,0.69,0.64,0.43,0.84
hsa-miR-382-5p,1.32,2.54,2.64,1.56,1.19,1.44
hsa-miR-3909,0.13,0.1,0.0,0.37,0.33,0.0
hsa-miR-3911,0.0,0.0,0.1,0.0,0.0,0.0
hsa-miR-3916,0.4,0.1,0.49,0.18,0.11,0.48
hsa-miR-3917,0.0,0.2,0.1,0.0,0.0,0.0
hsa-miR-3928-3p,0.0,0.1,0.1,0.0,0.22,0.0
hsa-miR-3929,2.63,1.56,2.06,0.82,1.95,2.16
hsa-miR-3934-5p,0.26,0.0,0.0,0.0,0.0,0.0
hsa-miR-3940-5p,0.13,0.0,0.1,0.0,0.0,0.0
hsa-miR-3960,27.4,27.8,24.47,13.19,14.85,33.11
hsa-miR-409-3p,1.58,3.51,3.92,3.02,2.49,1.32
hsa-miR-409-5p,0.79,0.68,0.49,0.73,1.08,0.36
hsa-miR-410-3p,0.4,1.66,1.17,1.37,0.87,1.2
hsa-miR-411-3p,0.13,0.39,0.88,0.46,0.87,0.84
hsa-miR-411-5p,0.92,1.76,2.15,1.19,1.73,1.2
hsa-miR-412-5p,0.0,0.29,0.78,0.37,0.0,0.12
hsa-miR-421,0.13,0.1,0.39,0.0,0.0,0.12
hsa-miR-423-3p,7.38,8.78,4.21,8.24,9.0,6.24
hsa-miR-423-5p,8.56,4.98,19.19,3.48,11.82,6.6
hsa-miR-424-3p,0.79,0.39,0.69,1.19,1.08,0.48
hsa-miR-424-5p,1.19,2.63,1.76,1.01,2.28,1.92
hsa-miR-425-3p,0.13,0.0,0.69,0.55,0.33,0.24
hsa-miR-425-5p,1.45,1.46,1.66,0.64,0.65,0.72
hsa-miR-4286,0.26,0.29,0.2,0.64,0.22,0.48
hsa-miR-431-3p,0.0,0.2,0.0,0.0,0.11,0.0
hsa-miR-431-5p,0.0,0.0,0.88,0.18,0.22,0.0
hsa-miR-432-3p,0.0,0.0,0.2,0.0,0.0,0.0
hsa-miR-432-5p,0.26,0.78,1.66,1.19,0.98,0.48
hsa-miR-4326,0.0,0.0,0.0,0.0,0.0,0.12
hsa-miR-433-3p,0.13,0.59,0.49,0.0,0.43,0.12
hsa-miR-4433b-5p,0.13,0.0,0.0,0.0,0.11,0.0
hsa-miR-4443,0.0,0.0,0.0,0.0,0.11,0.0
hsa-miR-4448,0.0,0.2,0.0,0.0,0.11,0.0
hsa-miR-4449,0.0,0.2,0.2,0.0,0.22,0.12
hsa-miR-4454,0.4,0.29,0.29,0.09,0.22,0.0
hsa-miR-4466,0.26,0.0,0.2,0.37,0.11,0.24
hsa-miR-4474-3p,0.0,0.0,0.0,0.0,0.11,0.0
hsa-miR-4481,0.13,0.2,0.2,0.0,0.11,0.0
hsa-miR-4484,1.19,1.76,2.94,1.19,1.52,1.32
hsa-miR-4485-5p,0.0,0.0,0.0,0.09,0.0,0.0
hsa-miR-4488,50.06,59.02,62.45,32.33,35.45,48.95
hsa-miR-4492,3.43,2.73,4.11,2.93,1.19,3.72
hsa-miR-4496,0.13,0.0,0.0,0.0,0.0,0.0
hsa-miR-4497,14.89,21.95,22.61,8.43,11.82,24.35
hsa-miR-449c-5p,0.13,0.1,0.2,0.09,0.22,0.0
hsa-miR-4508,3.69,3.22,2.84,1.56,1.73,2.4
hsa-miR-450a-1-3p,0.0,0.0,0.0,0.0,0.22,0.0
hsa-miR-450a-5p,1.98,2.24,2.64,2.66,4.23,1.44
hsa-miR-450b-5p,0.26,0.49,0.78,0.73,0.65,0.0
hsa-miR-4516,21.47,35.8,39.94,12.82,14.85,22.07
hsa-miR-451a,1.45,7.8,2.06,13.19,6.29,23.15
hsa-miR-452-3p,0.13,0.0,0.0,0.0,0.0,0.12
hsa-miR-452-5p,0.0,0.1,0.49,0.0,0.11,0.0
hsa-miR-4521,0.0,0.39,0.0,0.0,0.0,0.0
hsa-miR-454-3p,0.0,0.1,0.39,0.0,0.0,0.24
hsa-miR-454-5p,0.0,0.0,0.1,0.18,0.0,0.0
hsa-miR-455-3p,0.66,0.59,0.78,0.82,0.22,0.24
hsa-miR-455-5p,1.58,0.68,0.88,0.64,0.54,0.84
hsa-miR-4634,0.13,0.0,0.0,0.0,0.0,0.0
hsa-miR-4649-5p,0.0,0.0,0.1,0.09,0.0,0.0
hsa-miR-4659a-3p,0.0,0.0,0.1,0.0,0.0,0.0
hsa-miR-4661-5p,0.0,0.0,0.0,0.0,0.11,0.0
hsa-miR-4665-5p,0.0,0.2,0.1,0.0,0.0,0.0
hsa-miR-4667-3p,0.0,0.1,0.0,0.0,0.0,0.0
hsa-miR-4676-5p,0.53,0.0,0.0,0.0,0.11,0.0
hsa-miR-4687-5p,0.0,0.0,0.0,0.0,0.11,0.0
hsa-miR-4706,0.0,0.0,0.0,0.09,0.0,0.0
hsa-miR-4721,0.0,0.1,0.2,0.0,0.22,0.0
hsa-miR-4731-5p,0.0,0.0,0.0,0.0,0.0,0.12
hsa-miR-4732-3p,0.0,0.0,0.0,0.09,0.0,0.0
hsa-miR-4734,0.13,0.0,0.0,0.0,0.0,0.0
hsa-miR-4753-5p,0.0,0.0,0.0,0.09,0.0,0.0
hsa-miR-4755-3p,0.0,0.1,0.0,0.27,0.22,0.0
hsa-miR-4762-3p,0.13,0.29,0.29,0.0,0.0,0.0
hsa-miR-4767,0.0,0.1,0.0,0.0,0.0,0.0
hsa-miR-4775,0.13,0.2,0.0,0.09,0.22,0.0
hsa-miR-4785,0.13,0.0,0.2,0.0,0.0,0.0
hsa-miR-4791,0.0,0.0,0.0,0.0,0.11,0.12
hsa-miR-4800-5p,0.0,0.2,0.29,0.0,0.0,0.12
hsa-miR-483-3p,0.26,0.78,0.39,0.18,0.33,0.48
hsa-miR-483-5p,0.92,1.46,2.94,0.73,1.41,1.32
hsa-miR-484,2.9,4.2,2.74,3.94,3.25,4.08
hsa-miR-485-3p,0.4,0.2,0.39,0.37,0.11,0.72
hsa-miR-485-5p,0.0,0.1,0.0,0.55,0.11,0.12
hsa-miR-486-3p,0.53,0.49,2.45,1.47,0.0,0.96
hsa-miR-486-5p,3.29,7.02,6.36,0.0,0.0,10.08
hsa-miR-487a-3p,0.26,0.78,0.49,0.46,0.76,0.0
hsa-miR-487a-5p,0.0,0.0,0.1,0.0,0.0,0.0
hsa-miR-487b-3p,0.53,0.88,0.39,0.37,0.33,0.36
hsa-miR-487b-5p,0.0,0.0,0.0,0.0,0.0,0.12
hsa-miR-490-3p,0.53,0.59,0.69,1.28,0.22,0.36
hsa-miR-490-5p,0.13,0.0,0.29,0.18,0.0,0.24
hsa-miR-491-5p,0.0,0.1,0.0,0.09,0.0,0.0
hsa-miR-493-3p,0.4,0.49,0.98,0.64,0.33,0.72
hsa-miR-493-5p,3.03,1.66,3.43,2.66,3.36,1.8
hsa-miR-494-3p,1.98,3.51,3.13,4.95,3.79,1.44
hsa-miR-495-3p,0.79,1.27,1.27,0.73,1.08,0.48
hsa-miR-496,0.0,0.1,0.39,0.27,0.0,0.0
hsa-miR-497-5p,0.79,0.39,0.29,0.37,0.33,0.0
hsa-miR-499a-5p,0.0,0.0,0.1,0.0,0.0,0.0
hsa-miR-5003-3p,0.4,0.0,0.0,0.0,0.0,0.0
hsa-miR-500a-3p,0.13,0.0,0.29,0.0,0.11,0.24
hsa-miR-501-3p,0.0,0.1,0.2,0.09,0.11,0.24
hsa-miR-501-5p,0.0,0.0,0.0,0.0,0.11,0.0
hsa-miR-502-3p,0.13,0.2,0.0,0.18,0.65,0.24
hsa-miR-503-5p,0.66,0.78,0.39,0.64,0.54,0.0
hsa-miR-504-3p,0.0,0.1,0.1,0.0,0.0,0.0
hsa-miR-505-3p,0.26,0.68,0.1,0.37,0.11,0.36
hsa-miR-515-5p,0.0,0.1,0.0,0.0,0.0,0.0
hsa-miR-516a-5p,0.0,0.2,0.0,0.0,0.0,0.0
hsa-miR-517b-3p,0.0,0.29,0.0,0.0,0.0,0.0
hsa-miR-5189-5p,0.0,0.1,0.0,0.0,0.0,0.0
hsa-miR-5191,0.0,0.0,0.0,0.0,0.11,0.0
hsa-miR-5196-5p,0.0,0.0,0.0,0.0,0.0,0.12
hsa-miR-519c-5p,0.0,0.2,0.0,0.0,0.0,0.0
hsa-miR-520a-5p,0.0,0.1,0.0,0.0,0.0,0.0
hsa-miR-526b-5p,0.0,0.1,0.0,0.0,0.0,0.0
hsa-miR-532-5p,0.53,0.2,0.49,0.27,0.54,0.12
hsa-miR-539-3p,0.4,0.68,0.39,0.27,0.22,0.24
hsa-miR-539-5p,0.0,0.0,0.0,0.09,0.0,0.0
hsa-miR-541-3p,0.0,0.0,0.0,0.0,0.22,0.0
hsa-miR-541-5p,0.0,0.2,0.0,0.0,0.11,0.12
hsa-miR-542-3p,0.66,0.78,0.29,0.55,0.43,0.24
hsa-miR-542-5p,0.0,0.1,0.0,0.0,0.0,0.0
hsa-miR-543,1.71,1.66,2.25,1.65,1.3,0.84
hsa-miR-544b,0.0,0.1,0.0,0.0,0.0,0.0
hsa-miR-548a-3p,0.0,0.0,0.2,0.0,0.0,0.0
hsa-miR-548aa,0.26,0.0,0.0,0.0,0.0,0.0
hsa-miR-548al,0.0,0.0,0.0,0.0,0.11,0.0
hsa-miR-548aq-3p,0.0,0.2,0.0,0.0,0.0,0.0
hsa-miR-548bc,0.0,0.0,0.0,0.18,0.0,0.12
hsa-miR-548d-5p,0.0,0.0,0.0,0.09,0.11,0.0
hsa-miR-548e-3p,0.0,0.0,0.1,0.09,0.11,0.0
hsa-miR-548j-5p,0.13,0.0,0.0,0.18,0.0,0.0
hsa-miR-548k,0.0,0.0,0.0,0.0,0.11,0.12
hsa-miR-548l,0.0,0.0,0.2,0.0,0.0,0.0
hsa-miR-548s,0.0,0.0,0.0,0.0,0.0,0.12
hsa-miR-548w,0.0,0.0,0.0,0.09,0.33,0.0
hsa-miR-549a-3p,0.0,0.2,0.0,0.0,0.11,0.12
hsa-miR-549a-5p,0.0,0.1,0.2,0.0,0.0,0.0
hsa-miR-550a-5p,0.0,0.0,0.1,0.0,0.0,0.36
hsa-miR-556-5p,0.0,0.0,0.0,0.0,0.0,0.12
hsa-miR-5587-3p,0.0,0.0,0.0,0.0,0.11,0.0
hsa-miR-5588-5p,2.63,7.02,0.0,0.37,1.19,10.8
hsa-miR-561-3p,0.26,0.0,0.2,0.0,0.0,0.0
hsa-miR-561-5p,0.0,0.0,0.0,0.18,0.11,0.24
hsa-miR-5691,0.0,0.0,0.29,0.0,0.0,0.0
hsa-miR-5699-5p,0.0,0.1,0.0,0.0,0.0,0.0
hsa-miR-574-3p,1.84,1.56,1.76,1.83,1.52,1.68
hsa-miR-574-5p,0.92,1.17,2.55,2.38,1.73,0.72
hsa-miR-576-3p,0.0,0.1,0.0,0.0,0.0,0.0
hsa-miR-576-5p,0.13,0.1,0.1,0.0,0.0,0.0
hsa-miR-579-5p,0.0,0.0,0.0,0.09,0.0,0.0
hsa-miR-582-5p,0.0,0.0,0.0,0.18,0.0,0.0
hsa-miR-584-5p,0.53,0.88,0.88,0.46,0.43,0.36
hsa-miR-589-5p,0.0,0.68,0.2,0.09,0.33,0.12
hsa-miR-590-3p,0.26,0.0,0.0,0.18,0.11,0.0
hsa-miR-598-3p,0.13,0.2,0.59,0.18,0.33,0.0
hsa-miR-616-5p,0.0,0.0,0.0,0.0,0.0,0.12
hsa-miR-618,0.0,0.0,0.1,0.0,0.0,0.0
hsa-miR-619-5p,2.77,2.24,4.8,3.85,3.69,3.48
hsa-miR-624-5p,0.0,0.0,0.0,0.09,0.0,0.0
hsa-miR-625-3p,0.0,0.2,0.1,0.09,0.0,0.36
hsa-miR-625-5p,0.26,0.0,0.2,0.0,0.33,0.0
hsa-miR-628-3p,0.0,0.0,0.0,0.0,0.0,0.12
hsa-miR-628-5p,0.0,0.0,0.0,0.18,0.0,0.0
hsa-miR-629-3p,0.0,0.1,0.1,0.0,0.11,0.12
hsa-miR-629-5p,0.79,0.78,1.96,1.01,0.54,0.84
hsa-miR-641,0.53,0.39,0.0,0.27,0.11,1.08
hsa-miR-642a-3p,0.0,0.0,0.0,0.0,0.11,0.0
hsa-miR-646,0.0,0.0,0.1,0.18,0.0,0.0
hsa-miR-6511a-3p,0.0,0.0,0.1,0.09,0.0,0.0
hsa-miR-6516-3p,0.0,0.0,0.0,0.18,0.0,0.0
hsa-miR-652-3p,0.0,0.0,0.29,0.18,0.0,0.24
hsa-miR-6529-5p,0.0,0.2,0.2,0.0,0.22,0.24
hsa-miR-654-3p,0.79,0.98,1.57,1.1,0.98,1.68
hsa-miR-654-5p,0.0,0.1,0.29,0.0,0.0,0.24
hsa-miR-655-3p,0.0,0.0,0.1,0.27,0.0,0.0
hsa-miR-656-3p,0.26,0.1,0.39,0.55,0.22,0.24
hsa-miR-658,0.26,0.0,0.0,0.0,0.0,0.0
hsa-miR-660-5p,0.26,0.68,0.69,0.46,0.54,0.72
hsa-miR-663a,0.0,0.1,0.39,0.09,0.22,0.0
hsa-miR-663b,0.66,0.98,0.98,1.65,1.84,1.44
hsa-miR-664a-3p,0.0,0.1,0.1,0.0,0.0,0.24
hsa-miR-664a-5p,0.0,0.0,0.0,0.0,0.11,0.0
hsa-miR-664b-5p,0.0,0.0,0.1,0.0,0.0,0.0
hsa-miR-665,1.05,1.17,1.17,0.55,0.65,0.84
hsa-miR-668-3p,0.0,0.0,0.1,0.0,0.0,0.0
hsa-miR-671-3p,0.0,0.0,0.1,0.09,0.0,0.0
hsa-miR-671-5p,0.26,1.37,0.88,0.09,0.33,0.84
hsa-miR-6716-3p,0.0,0.0,0.0,0.0,0.11,0.0
hsa-miR-6720-3p,0.26,0.2,0.2,0.0,0.33,0.0
hsa-miR-6734-5p,0.0,0.0,0.1,0.0,0.0,0.0
hsa-miR-6740-5p,0.0,0.0,0.1,0.0,0.0,0.0
hsa-miR-6770-5p,0.0,0.0,0.0,0.0,0.22,0.0
hsa-miR-6773-5p,0.0,0.0,0.0,0.09,0.0,0.0
hsa-miR-6807-5p,0.0,0.0,0.2,0.0,0.0,0.0
hsa-miR-6812-5p,0.0,0.0,0.1,0.0,0.0,0.0
hsa-miR-6821-5p,0.0,0.0,0.2,0.0,0.0,0.0
hsa-miR-6832-5p,0.0,0.0,0.1,0.0,0.0,0.0
hsa-miR-6842-3p,0.0,0.0,0.0,0.09,0.0,0.0
hsa-miR-6852-5p,0.13,0.1,0.0,0.0,0.0,0.0
hsa-miR-6858-5p,0.13,0.0,0.0,0.0,0.11,0.0
hsa-miR-7-1-3p,0.0,0.1,0.1,0.0,0.11,0.0
hsa-miR-7-5p,1.45,4.0,1.17,1.47,2.38,1.8
hsa-miR-708-5p,0.0,0.0,0.0,0.0,0.0,0.12
hsa-miR-7106-5p,0.0,0.1,0.0,0.0,0.0,0.0
hsa-miR-7110-3p,1.45,2.44,2.25,1.37,1.52,3.0
hsa-miR-744-5p,1.45,1.37,1.76,1.47,1.19,1.08
hsa-miR-758-3p,0.53,0.29,0.78,1.47,0.65,0.24
hsa-miR-758-5p,0.0,0.0,0.0,0.18,0.0,0.0
hsa-miR-760,0.0,0.0,0.0,0.27,0.0,0.0
hsa-miR-766-3p,0.0,0.1,0.0,0.0,0.0,0.0
hsa-miR-769-3p,0.13,0.0,0.0,0.09,0.0,0.12
hsa-miR-769-5p,0.4,0.59,0.29,0.64,0.43,0.6
hsa-miR-7704,4.61,4.78,6.36,1.83,1.63,6.0
hsa-miR-7705,0.13,0.0,0.0,0.0,0.0,0.0
hsa-miR-7706,0.0,0.0,0.1,0.0,0.0,0.12
hsa-miR-7845-5p,0.0,0.1,0.0,0.09,0.0,0.0
hsa-miR-7851-3p,0.13,0.0,0.2,0.0,0.11,0.0
hsa-miR-7975,0.0,0.1,0.0,0.0,0.0,0.0
hsa-miR-8086,0.13,0.0,0.0,0.0,0.0,0.0
hsa-miR-8485,0.0,0.39,0.1,0.0,0.11,0.24
hsa-miR-874-3p,0.0,0.1,0.69,0.18,0.33,0.24
hsa-miR-874-5p,0.0,0.0,0.0,0.18,0.0,0.0
hsa-miR-885-5p,0.0,0.0,0.0,0.0,0.11,0.0
hsa-miR-887-3p,0.0,0.1,0.1,0.0,0.11,0.0
hsa-miR-887-5p,0.13,0.0,0.0,0.0,0.0,0.0
hsa-miR-889-3p,0.4,0.68,0.69,0.18,0.54,0.24
hsa-miR-9-5p,0.0,0.0,0.1,0.0,0.0,0.0
hsa-miR-92a-1-5p,0.0,0.1,0.0,0.0,0.33,0.36
hsa-miR-92a-3p,14.1,19.61,19.48,14.84,15.94,17.16
hsa-miR-92b-3p,0.66,0.78,1.27,0.46,0.65,0.24
hsa-miR-92b-5p,0.0,0.1,0.1,0.09,0.22,0.36
hsa-miR-93-3p,0.13,0.0,0.0,0.0,0.11,0.12
hsa-miR-93-5p,3.16,5.76,4.21,1.83,1.63,2.76
hsa-miR-939-5p,0.0,0.2,0.2,0.0,0.0,0.0
hsa-miR-940,0.26,0.1,0.2,0.0,0.43,0.0
hsa-miR-941,0.0,0.1,0.39,0.27,0.0,0.0
hsa-miR-942-5p,0.0,0.0,0.1,0.0,0.0,0.0
hsa-miR-95-3p,0.0,0.1,0.0,0.0,0.11,0.0
hsa-miR-96-5p,0.0,0.0,0.78,0.27,0.33,0.12
hsa-miR-98-5p,0.92,0.98,1.17,1.19,1.08,0.6
hsa-miR-9901,2.24,2.24,1.96,2.2,2.71,3.36
hsa-miR-99a-3p,0.13,0.0,0.0,0.09,0.0,0.0
hsa-miR-99a-5p,10.01,11.61,18.11,10.9,13.98,8.16
hsa-miR-99b-3p,0.13,0.29,0.2,0.09,0.0,0.24
hsa-miR-99b-5p,6.85,7.02,8.52,7.05,7.91,6.24
hsa-mir-1181-5p,0.13,0.0,0.0,0.0,0.0,0.12
hsa-mir-12121-5p,0.13,0.1,0.0,0.0,0.0,0.0
hsa-mir-12124-3p,0.0,0.0,0.0,0.09,0.0,0.0
hsa-mir-12136-5p,0.92,1.76,1.57,2.02,1.08,1.68
hsa-mir-1268a-5p,0.0,0.1,0.0,0.0,0.0,0.0
hsa-mir-1273c-5p,0.0,0.39,0.1,0.27,0.22,0.12
hsa-mir-1282-5p,0.13,0.0,0.0,0.0,0.0,0.12
hsa-mir-1285-2-3p,0.13,0.1,0.0,0.0,0.0,0.0
hsa-mir-1303-3p,28.33,38.93,55.7,48.55,49.0,52.54
hsa-mir-1913-3p,0.0,0.0,0.0,0.0,0.11,0.0
hsa-mir-1972-1-3p,0.0,0.0,0.1,0.0,0.0,0.0
hsa-mir-2053-3p,0.13,0.0,0.0,0.09,0.0,0.0
hsa-mir-3134-3p,0.0,0.0,0.0,0.0,0.0,0.12
hsa-mir-3135a-5p,0.0,0.0,0.0,0.0,0.0,0.24
hsa-mir-3135b-5p,0.79,0.29,0.39,0.0,0.0,0.12
hsa-mir-3155a-3p,0.0,0.0,0.0,0.0,0.0,0.24
hsa-mir-3159-5p,0.92,1.27,1.66,2.56,1.84,2.4
hsa-mir-3167-3p,0.0,0.2,0.1,0.0,0.0,0.12
hsa-mir-3168-5p,0.0,0.1,0.0,0.0,0.0,0.0
hsa-mir-3648-1-5p,41.5,104.68,94.75,26.84,9.97,48.83
hsa-mir-3648-2-5p,69.3,54.54,73.9,45.25,57.89,62.38
hsa-mir-3652-5p,0.0,0.1,0.0,0.0,0.0,0.0
hsa-mir-3658-5p,0.0,0.0,0.1,0.0,0.0,0.0
hsa-mir-3908-5p,0.66,2.24,0.1,0.18,0.11,10.2
hsa-mir-3909-3p,0.0,0.1,0.0,0.0,0.0,0.0
hsa-mir-3910-1-3p,0.0,0.0,0.0,0.09,0.0,0.0
hsa-mir-3917-3p,0.13,0.59,0.29,0.0,0.0,0.0
hsa-mir-3929-3p,0.13,0.2,0.1,0.46,0.33,0.36
hsa-mir-3939-3p,0.0,0.0,0.2,0.0,0.0,0.0
hsa-mir-3960-3p,0.26,0.29,0.1,0.09,0.22,0.36
hsa-mir-3976-5p,0.0,0.0,0.0,0.0,0.0,0.12
hsa-mir-4300-3p,0.0,0.0,0.1,0.0,0.0,0.0
hsa-mir-4311-5p,0.0,0.1,0.0,0.0,0.0,0.0
hsa-mir-4430-5p,0.0,0.2,0.0,0.0,0.11,0.12
hsa-mir-4449-3p,0.0,0.0,0.0,0.27,0.11,0.0
hsa-mir-4454-5p,0.0,0.0,0.1,0.0,0.0,0.0
hsa-mir-4472-2-5p,0.13,0.1,0.2,0.18,0.22,0.12
hsa-mir-4512-3p,0.0,0.0,0.1,0.0,0.0,0.0
hsa-mir-4515-5p,0.0,0.0,0.0,0.09,0.0,0.0
hsa-mir-451a-5p,0.0,0.1,0.0,0.0,0.0,0.0
hsa-mir-4660-5p,0.0,0.1,0.0,0.0,0.0,0.0
hsa-mir-4741-3p,0.0,0.1,0.0,0.0,0.0,0.0
hsa-mir-496-3p,0.0,0.0,0.0,0.0,0.11,0.0
hsa-mir-543-3p,0.0,0.0,0.1,0.0,0.0,0.0
hsa-mir-544a-3p,0.13,0.0,0.0,0.09,0.0,0.0
hsa-mir-548y-5p,0.0,0.1,0.0,0.0,0.0,0.0
hsa-mir-5684-5p,0.66,0.88,0.49,0.09,0.22,1.32
hsa-mir-572-3p,0.0,0.0,0.0,0.09,0.0,0.0
hsa-mir-6089-1-3p,0.13,0.0,0.1,0.18,0.0,0.0
hsa-mir-6089-2-3p,0.0,0.1,0.0,0.0,0.11,0.0
hsa-mir-620-3p,0.0,0.0,0.0,0.0,0.0,0.12
hsa-mir-636-3p,9.09,5.95,4.6,0.55,1.19,5.52
hsa-mir-639-3p,0.13,0.2,0.29,0.0,0.0,0.24
hsa-mir-648-5p,0.0,0.0,0.1,0.0,0.0,0.0
hsa-mir-663a-5p,1.32,0.29,0.78,0.46,0.43,1.08
hsa-mir-663b-3p,0.0,0.1,0.2,0.0,0.11,0.0
hsa-mir-760-3p,0.13,0.0,0.0,0.0,0.0,0.0
hsa-mir-7851-3p,0.13,0.1,0.1,0.0,0.22,0.0
hsa-mir-8072-5p,0.0,0.1,0.1,0.0,0.0,0.0
hsa-mir-8086-5p,1.58,2.24,3.23,4.3,3.25,2.52
hsa-mir-8485-3p,0.0,0.0,0.1,0.0,0.0,0.0
hsa-mir-940-3p,0.0,0.0,0.1,0.0,0.0,0.0
hsa-mir-9718-3p,0.0,0.1,0.0,0.0,0.0,0.0
hsa-mir-9902-1-5p,0.0,0.1,0.0,0.0,0.0,0.0
